version https://git-lfs.github.com/spec/v1
oid sha256:c3bf181094c3620cd5b9e418f37236999547b259384a401ad96a5e23b1955677
size 5923
