version https://git-lfs.github.com/spec/v1
oid sha256:be69cfab656ee463df11ab5568b3ac30d606dfb9278706c2fa7cd4fe309f6fa2
size 4036
