version https://git-lfs.github.com/spec/v1
oid sha256:418f2b649bab3f82b88ed73d30318d1eea4e6656a66e8f9f8956529cf9865d95
size 329
