version https://git-lfs.github.com/spec/v1
oid sha256:73bdeb78842cf9576a5f2dd69ec6a8471560a944176998edbe04f609f9f53f3d
size 156
